131085
10212
2251
152225
64382
59243
52746
26073
149905
9211
138910
152210
169846
114379
7132
122320
91563
2506
2368
7974
49146
56884
108083
124519
2275
116777
42495
146634
132978
142432
114372
91090
51542
96653
122030
64516
158287
165736
1174
153058
157668
32303
141962
91589
77461
64514
30425
46892
178814
153816
77260
9203
7866
84757
8517
81250
164067
78036
124546
62402
157693
3008
148233
98393
113285
19782
179677
173453
84440
6204
115381
69940
162075
130012
128159
169049
165246
81526
119778
41321
143631
5279
3403
135998
54978
154912
68049
180560
6490
165117
57621
165329
9163
84818
64515
97940
130371
162441
81697
33472